COORD_MD=J2000;
DEC=+09:43:17.20714;
DM=13.303;
EQUINOX=2000.0;
RA=18:57:36.390605;
RM=22.2;
