COORD_MD=J2000;
DEC=-37:44:14.46674;
DM=10.3932;
EQUINOX=2000.0;
RA=19:09:47.4346749;
RM=-0.6;
