COORD_MD=J2000;
DEC=+21:34:59.12570;
DM=71.0237;
EQUINOX=2000.0;
RA=19:39:38.561224;
RM=8.3;
