COORD_MD=J2000;
DEC=-33:58:44.8500;
DM=4.60096;
EQUINOX=2000.0;
RA=21:24:43.849372;
RM=-0.4;
