COORD_MD=J2000;
DEC=-30:53:49.37542;
DM=52.3245;
EQUINOX=2000.0;
RA=16:00:51.903338;
RM=-11.8;
