COORD_MD=J2000;
DEC=+07:47:37.49284;
DM=15.9700;
EQUINOX=2000.0;
RA=17:13:49.5331505;
RM=8.7;
